0.749848
0.407320
0.239492
0.520850
0.219077
0.842388
0.662933
0.816235
0.793878
0.469105
0.309525
0.687579
0.986852
0.769934
0.829581
0.706085
0.595336
0.752874
0.496722
0.865133
0.068028
0.968546
0.098756
0.546977
0.402970
0.107040
0.724166
0.613682
0.782968
0.566621
0.811319
0.576776
0.944029
0.871452
0.507602
0.788823
0.473031
0.828802
0.322482
0.976147
0.278211
0.072831
0.751224
0.831189
0.922338
0.327024
0.804069
0.538250
0.463295
0.820750
0.951907
0.076273
0.708671
0.234926
0.398896
0.268124
0.832513
0.995374
0.649751
0.703953
0.932303
0.687653
0.568354
0.380848
0.634579
0.363229
0.407619
0.368700
0.468399
0.503414
0.910536
0.206431
0.338604
0.574126
0.486932
0.262219
0.579593
0.878328
0.060950
0.440876
0.084258
0.563238
0.539311
0.768058
0.233090
0.587362
0.458974
0.860982
0.660836
0.353879
0.347186
0.253718
0.952528
0.298201
0.158406
0.361297
0.741629
0.705900
0.700892
0.006226
