1.748894
0.841114
1.307695
0.891896
1.432048
2.572929
1.257348
2.314427
2.106743
0.843959
1.003480
1.369922
3.695880
1.902993
2.444757
1.467604
1.033181
1.771096
0.864680
2.803676
2.552434
3.634426
2.354738
0.931115
0.843470
2.293391
1.574942
1.083430
2.011312
0.967673
2.267502
0.989125
3.500933
2.867501
0.875901
2.062008
0.846217
2.437045
0.966624
3.664126
1.116554
2.525339
1.758941
2.460707
3.341181
0.954980
2.199537
0.916857
0.841044
2.358069
3.549771
2.504951
1.482218
1.334111
0.846020
1.160710
2.473883
3.712508
1.204605
1.455739
3.418847
1.370286
0.971207
0.861503
1.149732
0.883751
0.840965
0.876042
0.843578
0.871378
3.241139
1.516848
0.928152
0.983352
0.856053
1.188388
0.995400
2.936330
2.589288
0.834725
2.454770
0.960922
0.918526
1.887934
1.344965
1.013456
0.839211
2.761570
1.248627
0.898684
0.910797
1.230629
3.553396
1.040319
1.881731
0.886651
1.690415
1.466570
1.438989
2.722429
